Farlorn  (1772,408)  (1726,453)  (1726,407)  (1817,454)  (1772,362)  (1818,362)  (1818,408)  (1724,361)  (1771,499)  (1725,499)  (1680,453)  (1680,407)  (1863,454)  (1832,500)  (1679,500)  (1770,316)  (1816,316)  (1862,316)  (1864,362)  (1864,408)  (1700,315)  (1908,294)  (1685,546)  (1639,546)  (1633,500)  (1746,270)  (1792,270)  (1838,270)  (1910,415)  (1697,269)  (1884,248)  (1593,586)  (1587,540)  (1811,224)  (1956,415)  (1857,202)  (1903,191)  (2002,406)
West Elves Land  (1369,904)  (1323,949)  (1323,903)  (1414,950)  (1369,858)  (1415,858)  (1415,904)  (1321,857)  (1368,995)  (1322,995)  (1277,949)  (1460,950)  (1460,996)  (1414,996)  (1276,996)  (1367,812)  (1413,812)  (1459,812)  (1461,858)  (1461,904)  (1275,850)  (1321,811)  (1268,804)  (1505,782)  (1232,1042)  (1230,996)  (1367,766)  (1413,766)  (1459,766)  (1314,765)  (1222,780)  (1268,758)  (1184,1036)  (1360,720)  (1406,720)  (1314,719)  (1345,673)
Cyclops Islands  (470,2419)
15 Sea Zone  (159,2420)  (113,2465)  (113,2419)  (204,2466)  (159,2374)  (205,2374)  (205,2420)  (111,2373)  (158,2511)  (112,2511)  (67,2465)  (67,2419)  (250,2466)  (250,2512)  (204,2512)  (66,2512)  (157,2328)  (203,2328)  (249,2328)  (251,2374)  (251,2420)  (65,2373)  (65,2327)  (111,2327)  (295,2284)  (158,2557)  (112,2557)  (21,2466)  (21,2420)  (296,2466)  (296,2512)  (296,2558)  (250,2558)  (204,2558)  (66,2558)  (20,2558)  (20,2512)  (157,2282)  (203,2282)  (249,2282)  (297,2330)  (297,2376)  (19,2374)  (19,2328)  (19,2282)  (65,2281)  (111,2281)  (341,2244)  (342,2422)  (342,2468)  (342,2514)  (342,2560)  (343,2290)  (343,2336)
Almada  (1022,2001)  (976,2046)  (976,2000)  (1067,2047)  (1022,1955)  (1068,1955)  (1068,2001)  (974,1954)  (979,2092)  (930,2081)  (930,2035)  (1113,2047)  (1020,1909)  (1066,1909)  (1112,1909)  (1114,1955)  (1114,2001)  (928,1989)  (928,1943)  (974,1908)  (884,2037)  (1160,1911)  (1160,1957)  (1160,2003)  (882,1991)  (1206,1911)  (1206,1957)
Warunk  (1756,1575)  (1710,1620)  (1710,1574)  (1801,1621)  (1756,1529)  (1802,1529)  (1802,1575)  (1708,1528)  (1755,1666)  (1709,1666)  (1664,1620)  (1664,1574)  (1847,1621)  (1847,1667)  (1801,1667)  (1663,1667)  (1754,1483)  (1800,1483)  (1846,1483)  (1848,1529)  (1848,1575)  (1662,1528)  (1670,1482)  (1618,1621)  (1618,1575)  (1893,1621)  (1883,1713)  (1837,1713)  (1791,1713)  (1617,1682)  (1765,1437)  (1811,1437)  (1857,1437)  (1894,1510)  (1894,1556)  (1616,1529)  (1572,1636)  (1572,1590)  (1939,1604)  (1900,1759)  (1807,1391)  (1853,1391)  (1570,1544)  (1899,1367)  (1827,1345)
37 Sea Zone  (2118,1602)  (2072,1647)  (2072,1577)  (2163,1648)  (2118,1556)  (2164,1556)  (2164,1602)  (2046,1531)  (2117,1693)  (2071,1693)  (2209,1648)  (2209,1694)  (2163,1694)  (2092,1510)  (2138,1510)  (2184,1510)  (2210,1556)  (2210,1602)  (2230,1499)  (2000,1576)  (2000,1530)  (2255,1648)  (2255,1694)  (2256,1554)  (2256,1600)
27 Sea Zone  (1561,3331)  (1515,3322)  (1561,3285)  (1607,3285)  (1607,3331)  (1505,3276)  (1510,3393)  (1653,3251)  (1653,3297)  (1653,3343)  (1464,3427)  (1635,3429)  (1459,3292)  (1557,3434)  (1511,3439)  (1681,3442)  (1429,3381)  (1699,3251)  (1699,3297)  (1699,3343)  (1418,3459)  (1401,3335)  (1727,3437)  (1383,3413)  (1745,3251)  (1745,3297)  (1372,3459)  (1361,3289)  (1355,3367)  (1337,3413)  (1326,3459)  (1315,3321)  (1315,3275)  (1309,3367)
Andergast  (845,1469)  (799,1514)  (799,1468)  (890,1515)  (845,1423)  (891,1423)  (891,1469)  (797,1422)  (844,1560)  (753,1488)  (843,1377)  (889,1377)  (935,1377)  (937,1423)  (751,1442)  (751,1396)  (981,1368)  (705,1413)
24 Sea Zone  (1105,2873)  (1059,2918)  (1059,2872)  (1150,2919)  (1105,2827)  (1151,2827)  (1151,2873)  (1013,2946)  (1013,2900)  (1196,2919)  (1072,2781)  (1118,2781)  (1186,2781)  (1197,2827)  (1197,2873)  (967,2946)  (967,2900)  (1242,2919)  (1255,2701)
Gareth  (1220,1721)  (1174,1766)  (1174,1720)  (1265,1767)  (1220,1675)  (1266,1675)  (1266,1721)  (1172,1674)  (1219,1812)  (1173,1812)  (1128,1766)  (1128,1720)  (1276,1813)  (1127,1813)  (1218,1629)  (1264,1629)  (1310,1629)  (1312,1675)  (1312,1721)  (1126,1674)  (1126,1628)  (1172,1628)  (1082,1767)  (1262,1859)  (1218,1583)  (1264,1583)  (1358,1649)  (1358,1695)  (1122,1582)  (1168,1582)
9 Sea Zone  (1021,676)  (975,721)  (975,675)  (1066,722)  (1021,630)  (1067,630)  (1067,676)  (973,629)  (947,767)  (929,721)  (929,675)  (1112,722)  (1073,584)  (1113,630)  (1113,676)  (927,629)  (927,583)  (973,583)  (1124,768)  (901,786)  (883,740)  (883,694)  (1158,722)  (1109,538)  (1159,595)  (1159,641)  (881,648)  (881,602)  (915,537)  (961,537)  (837,751)  (1204,687)  (1205,599)
Selem  (1107,2614)  (1061,2659)  (1061,2613)  (1152,2660)  (1107,2568)  (1153,2568)  (1153,2614)  (1059,2567)  (1015,2668)  (1015,2622)  (1105,2522)  (1199,2564)  (1199,2610)  (1013,2576)  (969,2646)  (1245,2565)  (1245,2611)  (967,2600)  (1291,2618)  (1308,2694)  (1308,2740)
Lowangen  (1042,1240)  (996,1285)  (996,1239)  (1087,1286)  (1042,1194)  (1088,1196)  (994,1193)  (950,1303)  (1133,1242)  (1074,1332)  (1040,1148)  (1086,1148)  (969,1147)  (904,1307)  (1074,1102)
South Aranien  (1559,2182)  (1513,2227)  (1513,2181)  (1581,2228)  (1559,2136)  (1605,2136)  (1605,2182)  (1511,2135)  (1535,2273)  (1609,2090)  (1651,2136)  (1506,2089)  (1655,2050)  (1701,2021)  (1720,2149)  (1747,1994)  (1785,1948)
4 Sea Zone  (1569,269)  (1523,314)  (1523,268)  (1614,315)  (1569,223)  (1615,223)  (1615,269)  (1521,222)  (1568,360)  (1522,360)  (1619,361)  (1476,361)  (1567,177)  (1613,177)  (1659,177)  (1499,176)  (1705,133)  (1705,179)  (1573,406)  (1452,407)
North Marches  (944,1748)  (898,1793)  (898,1747)  (989,1794)  (944,1702)  (990,1702)  (990,1748)  (896,1701)  (943,1839)  (897,1839)  (1035,1825)  (989,1840)  (942,1656)  (988,1656)  (1036,1690)  (850,1663)  (896,1655)  (942,1610)
18 Sea Zone  (499,2749)  (453,2794)  (453,2748)  (544,2795)  (499,2703)  (545,2703)  (545,2749)  (451,2702)  (498,2840)  (452,2840)  (407,2794)  (407,2748)  (590,2817)  (544,2841)  (406,2841)  (497,2657)  (543,2657)  (589,2657)  (591,2703)  (405,2702)  (405,2656)  (451,2656)  (635,2631)  (637,2677)  (637,2723)  (659,2769)  (681,2631)  (683,2677)  (683,2723)  (705,2769)  (727,2631)  (773,2654)
South Arivor  (917,2452)  (871,2438)  (962,2498)  (916,2498)  (917,2406)  (963,2406)  (963,2452)  (870,2506)  (858,2392)  (1008,2498)  (824,2544)  (904,2360)  (950,2360)  (1009,2443)  (855,2346)  (778,2575)  (901,2314)
North Arivor  (818,2192)  (772,2237)  (772,2191)  (860,2238)  (818,2146)  (864,2146)  (864,2192)  (795,2283)  (726,2207)  (787,2100)  (833,2100)  (800,2054)
Olport  (671,894)  (625,939)  (625,893)  (716,940)  (671,848)  (717,848)  (717,894)  (605,985)  (579,939)  (579,893)  (762,940)  (627,802)  (673,802)  (719,802)  (763,848)  (763,894)  (765,800)  (559,1005)  (533,959)  (671,756)  (717,756)  (809,846)  (809,892)  (513,1023)  (563,718)  (671,710)  (717,710)  (855,861)  (468,1082)  (763,692)  (467,1036)  (548,672)  (421,1051)  (421,1005)  (375,1051)  (375,1005)  (329,1074)  (329,1028)
Leskari  (1324,519)  (1278,564)  (1278,518)  (1369,565)  (1324,473)  (1370,473)  (1370,519)  (1276,472)  (1323,610)  (1415,565)  (1415,611)  (1369,611)  (1322,427)  (1368,427)  (1416,483)  (1230,513)  (1230,467)  (1276,426)  (1225,421)  (1461,529)  (1461,575)  (1461,621)  (1271,380)  (1179,447)  (1179,401)  (1225,375)  (1472,667)  (1159,355)  (1133,430)  (1518,644)  (1113,384)  (1113,338)  (1178,309)  (1545,690)  (1557,736)  (1446,276)  (1079,430)  (1073,477)  (1067,384)  (1591,678)  (1603,724)  (1033,431)
Khom  (1305,2380)  (1259,2425)  (1259,2379)  (1341,2426)  (1305,2334)  (1351,2334)  (1351,2380)  (1257,2333)  (1295,2471)  (1310,2288)  (1356,2288)  (1397,2334)  (1397,2380)  (1211,2361)
33 Sea Zone  (1702,2442)  (1656,2487)  (1715,2488)  (1693,2396)  (1739,2396)  (1748,2442)  (1785,2372)  (1669,2533)  (1623,2533)  (1700,2350)  (1794,2418)  (1778,2554)  (1577,2566)  (1695,2579)  (1649,2579)  (1706,2304)  (1795,2600)  (1603,2612)  (1557,2612)  (1682,2625)  (1706,2258)  (1778,2256)  (1511,2632)  (1636,2658)  (1590,2658)  (1785,2210)  (1465,2671)  (1465,2625)  (1794,2164)  (1419,2671)
Orcland  (712,1179)  (666,1224)  (666,1178)  (757,1225)  (712,1133)  (758,1133)  (758,1179)  (664,1132)  (711,1270)  (665,1270)  (620,1224)  (620,1178)  (803,1225)  (803,1271)  (757,1271)  (710,1087)  (756,1087)  (804,1090)  (804,1136)  (618,1132)  (618,1086)  (664,1086)  (849,1182)  (849,1228)  (710,1041)  (850,1127)  (572,1091)  (653,1040)  (895,1173)  (895,1219)
Weiden  (1416,1181)  (1370,1226)  (1370,1180)  (1461,1227)  (1416,1135)  (1462,1135)  (1462,1181)  (1368,1134)  (1362,1272)  (1324,1226)  (1324,1180)  (1507,1227)  (1414,1089)  (1460,1089)  (1506,1089)  (1508,1135)  (1508,1181)  (1322,1134)  (1322,1088)  (1368,1088)  (1316,1280)  (1552,1086)  (1278,1234)  (1278,1188)  (1553,1227)  (1554,1132)  (1554,1178)  (1276,1142)  (1276,1096)  (1341,1326)  (1232,1205)  (1600,1105)  (1600,1151)  (1600,1197)  (1230,1159)  (1230,1113)  (1646,1120)  (1646,1166)  (1184,1162)  (1184,1116)
North Aranien  (1484,1948)  (1438,1993)  (1438,1947)  (1529,1994)  (1484,1902)  (1530,1902)  (1530,1948)  (1436,1901)  (1459,2039)  (1413,2039)  (1575,2003)  (1482,1856)  (1528,1856)
26 Sea Zone  (1567,3127)  (1521,3172)  (1521,3126)  (1612,3173)  (1567,3081)  (1613,3081)  (1613,3127)  (1519,3080)  (1475,3202)  (1475,3156)  (1658,3173)  (1565,3035)  (1611,3035)  (1657,3035)  (1659,3081)  (1659,3127)  (1473,3110)  (1473,3064)  (1519,3034)  (1457,3018)  (1703,3014)  (1429,3178)  (1704,3173)  (1705,3060)  (1705,3106)  (1427,3065)  (1411,3019)  (1749,3014)  (1750,3152)  (1750,3198)  (1751,3060)  (1751,3106)  (1365,3048)  (1795,3014)  (1796,3152)  (1796,3198)  (1797,3060)  (1797,3106)  (1319,3067)  (1319,3021)
6 Sea Zone  (2105,329)  (2059,351)  (2059,305)  (2150,375)  (2105,283)  (2151,283)  (2151,329)  (2034,259)  (2013,337)  (2196,375)  (2156,421)  (2080,237)  (2126,237)  (2197,295)  (2172,227)  (2218,216)  (2015,213)  (2152,467)  (2170,181)  (2264,178)
7 Sea Zone  (245,474)  (199,519)  (199,473)  (290,520)  (245,428)  (291,428)  (291,474)  (197,427)  (244,565)  (198,565)  (153,519)  (153,473)  (336,520)  (336,566)  (290,566)  (152,566)  (243,382)  (289,382)  (335,382)  (337,428)  (337,474)  (151,427)  (151,381)  (197,381)  (381,338)  (244,611)  (198,611)  (107,520)  (107,474)  (382,520)  (382,566)  (382,612)  (336,612)  (290,612)  (152,612)  (243,336)  (289,336)  (335,336)  (383,384)  (383,430)  (105,428)  (105,382)  (105,336)  (151,335)  (197,335)  (427,294)  (61,488)  (428,476)  (428,522)  (428,568)  (428,614)  (429,340)  (429,386)  (59,442)  (59,396)  (59,350)  (59,304)  (37,627)  (25,555)  (473,294)  (15,509)  (474,432)  (474,478)  (474,524)  (474,570)  (474,616)  (475,340)  (475,386)  (13,463)  (13,417)  (13,371)  (13,325)
38 Sea Zone  (2095,1358)  (2049,1403)  (2049,1357)  (2140,1404)  (2095,1312)  (2141,1312)  (2141,1358)  (2047,1311)  (2094,1449)  (2048,1449)  (2003,1403)  (2003,1357)  (2186,1404)  (2181,1450)  (2002,1450)  (2093,1266)  (2174,1266)  (2187,1312)  (2187,1358)  (2001,1311)  (2001,1265)  (2047,1265)  (2220,1233)  (2232,1404)  (1956,1419)  (2233,1279)  (2233,1325)  (1955,1298)  (2044,1219)
Al Anfa  (819,2862)  (773,2907)  (773,2861)  (844,2908)  (825,2816)  (865,2862)  (871,2810)  (798,2953)  (752,2953)  (727,2907)  (727,2861)  (818,2770)  (864,2764)  (910,2764)  (873,2970)  (706,2958)  (681,2912)  (681,2838)  (956,2753)  (807,2724)  (722,3004)  (853,2718)  (899,2718)  (635,2935)  (838,2672)  (884,2672)
29 Sea Zone  (2408,3369)  (2362,3414)  (2362,3368)  (2453,3415)  (2408,3323)  (2454,3323)  (2454,3369)  (2360,3322)  (2316,3459)  (2316,3413)  (2499,3415)  (2406,3277)  (2452,3277)  (2498,3277)  (2500,3323)  (2500,3369)  (2314,3367)  (2314,3321)  (2360,3276)  (2313,3275)  (2544,3251)  (2270,3459)  (2270,3413)  (2545,3415)  (2546,3297)  (2546,3343)  (2268,3367)  (2268,3321)  (2267,3275)
Brabak  (690,3127)  (644,3172)  (644,3126)  (690,3081)  (736,3081)  (736,3127)  (642,3080)  (598,3180)  (598,3134)  (782,3054)  (782,3100)  (782,3146)  (596,3088)  (821,3231)  (828,3105)  (550,3128)  (839,3151)  (885,3166)  (931,3185)  (977,3183)  (1023,3144)
10 Sea Zone  (396,831)  (350,876)  (350,830)  (441,877)  (396,785)  (442,785)  (442,831)  (348,784)  (395,922)  (349,922)  (304,854)  (487,877)  (471,923)  (303,923)  (394,739)  (440,739)  (486,739)  (488,785)  (488,831)  (302,808)  (302,762)  (348,738)  (280,716)  (296,969)  (534,776)  (534,822)  (256,765)  (250,976)  (234,719)  (191,853)  (188,705)  (237,1045)  (181,807)  (173,951)  (167,1050)  (166,1004)  (165,905)  (145,859)  (142,704)  (127,958)  (121,1057)  (120,1011)  (119,912)  (99,866)  (84,820)  (81,965)  (75,1057)  (74,1011)  (73,919)  (53,873)  (38,827)  (35,965)  (29,1057)  (28,1011)  (27,919)  (21,781)  (18,708)  (7,873)
31 Sea Zone  (2029,3116)  (1983,3161)  (1983,3115)  (2074,3162)  (2029,3070)  (2075,3070)  (2075,3116)  (1981,3069)  (1937,3202)  (1937,3156)  (2120,3162)  (2027,3024)  (2073,3024)  (2119,3024)  (2121,3070)  (2121,3116)  (1935,3110)  (1935,3064)  (1981,3023)  (1930,3018)  (2165,3014)  (1891,3202)  (1891,3156)  (1889,3110)  (1889,3064)  (1884,3018)
28 Sea Zone  (2009,3395)  (1963,3440)  (2054,3441)  (2055,3373)  (2090,3327)  (1992,3313)  (1922,3309)  (1917,3459)  (2100,3419)  (2101,3373)  (2132,3272)  (2136,3318)  (1968,3267)  (2014,3267)  (1877,3355)  (1876,3309)  (1876,3263)  (1922,3263)  (1871,3459)  (2146,3419)  (2147,3364)  (2178,3251)  (2182,3297)  (1831,3360)  (1830,3314)  (1830,3268)  (1825,3459)
23 Sea Zone  (1067,3063)  (1021,3085)  (1021,3039)  (1067,3017)  (1113,3017)  (1113,3063)  (975,3094)  (975,3048)  (975,3002)  (1159,2995)  (1159,3041)  (1159,3087)  (929,3109)  (929,3063)  (1205,2995)  (1205,3041)  (1205,3087)
13 Sea Zone  (132,2034)  (86,2079)  (86,2033)  (177,2080)  (132,1988)  (178,1988)  (178,2034)  (84,1987)  (131,2125)  (85,2125)  (40,2079)  (40,2033)  (223,2080)  (223,2126)  (177,2126)  (39,2126)  (130,1942)  (176,1942)  (222,1942)  (224,1988)  (224,2034)  (38,1987)  (38,1941)  (84,1941)  (268,1898)  (131,2171)  (85,2171)  (269,2080)  (269,2126)  (269,2172)  (223,2172)  (177,2172)  (39,2172)  (130,1896)  (176,1896)  (222,1896)  (270,1944)  (270,1990)  (0,1895)  (46,1895)
25 Sea Zone  (1545,2862)  (1499,2907)  (1499,2861)  (1590,2908)  (1545,2816)  (1591,2816)  (1591,2862)  (1497,2815)  (1544,2953)  (1498,2953)  (1453,2907)  (1453,2861)  (1636,2908)  (1636,2954)  (1590,2954)  (1452,2954)  (1543,2770)  (1589,2770)  (1635,2770)  (1637,2816)  (1637,2862)  (1451,2815)  (1451,2769)  (1497,2769)  (1681,2726)  (1407,2908)  (1407,2862)  (1682,2908)  (1682,2954)  (1406,2965)  (1543,2724)  (1589,2724)  (1635,2724)  (1683,2772)  (1683,2818)  (1405,2816)  (1408,2723)  (1454,2723)  (1727,2713)  (1361,2919)  (1361,2873)  (1728,2864)  (1728,2910)  (1728,2956)  (1360,2965)  (1729,2759)  (1729,2805)  (1359,2827)  (1773,2672)  (1315,2919)  (1315,2873)  (1774,2851)  (1774,2897)  (1774,2943)  (1314,2965)  (1775,2718)  (1775,2764)  (1313,2827)
Yeti Land  (1335,82)  (1289,94)  (1381,75)  (1427,117)
3 Sea Zone  (1203,210)  (1157,248)  (1157,202)  (1248,256)  (1203,164)  (1249,164)  (1249,210)  (1148,156)  (1111,242)  (1294,256)  (1263,302)  (1194,118)  (1295,179)  (1102,196)  (1102,150)  (1096,104)  (1065,257)  (1340,225)  (1340,271)  (1341,176)  (1056,211)  (1056,165)  (1050,119)  (1050,73)  (1362,317)  (1035,307)  (1019,261)  (1386,222)  (1010,215)  (1010,169)  (1004,123)  (989,328)
Iron Sword  (2420,692)  (2374,737)  (2374,691)  (2465,738)  (2420,646)  (2466,646)  (2466,692)  (2372,645)  (2419,783)  (2373,783)  (2328,737)  (2328,691)  (2511,738)  (2511,784)  (2465,784)  (2327,784)  (2418,600)  (2464,600)  (2510,600)  (2512,646)  (2512,692)  (2326,645)  (2326,599)  (2372,599)  (2419,829)  (2373,829)  (2282,738)  (2282,692)  (2554,830)  (2508,830)  (2327,830)  (2281,830)  (2281,784)  (2418,554)  (2464,554)  (2510,554)  (2280,646)  (2280,600)  (2280,554)  (2326,553)  (2372,553)  (2462,875)  (2416,875)  (2554,876)  (2508,876)  (2370,876)  (2324,876)  (2278,876)  (2235,508)  (2418,508)  (2464,508)  (2510,508)  (2234,659)  (2234,613)  (2234,567)  (2281,507)  (2327,507)  (2462,921)  (2416,921)  (2554,922)  (2508,922)  (2370,922)  (2324,922)  (2278,922)  (2373,462)  (2419,462)  (2465,462)  (2511,462)  (2188,651)  (2275,461)  (2321,461)  (2462,967)  (2416,967)  (2554,968)  (2508,968)  (2370,968)  (2324,968)  (2367,416)  (2413,416)  (2459,416)  (2505,416)  (2551,416)  (2292,415)  (2462,1013)  (2416,1013)  (2554,1014)  (2508,1014)  (2370,1014)  (2324,1014)  (2338,370)  (2384,370)  (2430,370)  (2476,370)  (2522,370)  (2292,369)  (2462,1059)  (2416,1059)  (2338,324)  (2384,324)  (2430,324)  (2476,324)  (2522,324)  (2263,323)  (2483,1105)  (2437,1105)  (2309,278)  (2355,278)  (2401,278)  (2447,278)  (2493,278)  (2539,278)  (2494,1151)  (2322,232)  (2368,232)  (2414,232)  (2460,232)  (2506,232)  (2552,232)  (2366,186)  (2412,186)  (2458,186)  (2504,186)  (2550,186)  (2370,140)  (2416,140)  (2462,140)  (2508,140)  (2554,140)  (2390,94)  (2436,94)  (2482,94)  (2528,94)  (2413,48)  (2459,48)  (2505,48)  (2551,48)  (2421,2)  (2467,2)  (2513,2)
Raschtulswall  (1299,2000)  (1253,2045)  (1323,2046)  (1289,1954)  (1335,1954)  (1207,2070)  (1317,1908)  (1363,1908)  (1161,2102)  (1324,1862)  (1370,1862)  (1349,1816)
Paavi  (1933,671)  (1887,716)  (1887,670)  (1978,717)  (1933,625)  (1979,625)  (1979,671)  (1885,624)  (1932,762)  (1886,762)  (1841,716)  (1841,670)  (2024,717)  (2024,763)  (1978,763)  (1840,763)  (1931,579)  (1977,579)  (2023,579)  (2025,625)  (2025,671)  (1839,624)  (1839,578)  (1885,578)  (2069,574)  (1795,717)  (1795,671)  (2070,717)  (2070,763)  (2070,809)  (1794,807)  (1931,533)  (1977,533)  (2023,533)  (2071,620)  (2071,666)  (1793,625)  (1793,579)  (1749,761)  (1749,715)  (2116,712)  (2116,758)  (2116,804)  (1990,487)  (2036,487)  (2117,578)  (2117,624)  (1747,669)  (1747,623)  (1703,753)  (2162,703)  (2162,749)  (2162,795)  (1701,707)  (1701,661)
30 Sea Zone  (2416,3122)  (2370,3167)  (2370,3121)  (2461,3168)  (2416,3076)  (2462,3076)  (2462,3122)  (2368,3075)  (2324,3202)  (2324,3156)  (2507,3168)  (2414,3030)  (2460,3030)  (2506,3030)  (2508,3076)  (2508,3122)  (2322,3110)  (2322,3064)  (2368,3029)  (2311,3018)  (2552,3015)  (2278,3202)  (2278,3156)  (2553,3168)  (2554,3061)  (2554,3107)  (2276,3110)  (2276,3064)  (2265,3018)
Tuzak  (1911,2357)  (1865,2339)  (1940,2403)  (1894,2403)  (1911,2311)  (1957,2320)  (1846,2293)  (1904,2449)  (1892,2265)  (1938,2265)  (1800,2313)  (1872,2495)
Thorwal  (432,1231)  (386,1235)  (462,1277)  (389,1185)  (435,1185)  (478,1231)  (481,1182)  (340,1243)  (480,1323)  (391,1139)  (516,1136)  (527,1182)  (533,1343)  (487,1369)  (481,1415)  (488,1461)
11 Sea Zone  (133,1308)  (87,1353)  (87,1307)  (178,1354)  (133,1262)  (179,1262)  (179,1308)  (85,1261)  (132,1399)  (86,1399)  (41,1353)  (41,1307)  (224,1354)  (224,1400)  (178,1400)  (40,1400)  (131,1216)  (177,1216)  (223,1216)  (225,1262)  (225,1308)  (39,1261)  (39,1215)  (85,1215)  (269,1197)  (132,1445)  (86,1445)  (270,1405)  (224,1446)  (178,1446)  (40,1446)  (131,1170)  (177,1170)  (0,1169)  (46,1169)  (275,1451)  (92,1124)  (138,1124)  (184,1124)  (0,1123)  (46,1123)  (321,1412)  (321,1458)  (264,1116)  (334,1335)  (367,1381)  (367,1427)  (367,1473)  (380,1314)
Riva  (1024,955)  (978,1000)  (978,954)  (1069,1001)  (1024,909)  (1070,909)  (1070,955)  (976,908)  (1023,1046)  (950,1046)  (932,1000)  (932,954)  (1022,863)  (1068,863)  (1114,863)  (1116,909)  (1116,955)  (904,1071)  (1160,848)  (886,1025)  (886,979)  (997,817)  (1162,894)  (1162,940)  (840,1034)  (1208,874)  (794,1002)
Nostria  (604,1519)  (558,1564)  (558,1518)  (649,1565)  (604,1473)  (650,1473)  (650,1519)  (556,1472)  (558,1610)  (695,1565)  (551,1426)  (741,1572)
Greifenfurt  (1134,1456)  (1088,1501)  (1088,1455)  (1179,1502)  (1134,1410)  (1180,1410)  (1180,1456)  (1086,1409)  (1069,1547)  (1042,1501)  (1042,1455)  (1225,1502)  (1143,1364)  (1189,1364)  (1226,1410)  (1226,1456)  (1023,1552)  (996,1506)  (1181,1318)
Windhag  (740,1941)  (694,1923)  (758,1987)  (740,1895)  (786,1885)  (675,1877)  (804,1948)  (748,2033)  (629,1898)
Thalusa  (1497,2445)  (1451,2490)  (1451,2444)  (1516,2491)  (1497,2399)  (1543,2399)  (1543,2445)  (1461,2536)  (1415,2536)  (1405,2490)  (1564,2353)  (1589,2399)  (1610,2332)  (1369,2548)  (1624,2286)  (1323,2540)
Altoum  (1253,3170)  (1207,3194)  (1299,3159)  (1161,3185)  (1345,3204)  (1115,3207)  (1115,3161)
East Elves Land  (1621,930)  (1575,975)  (1575,929)  (1666,976)  (1621,884)  (1667,884)  (1667,930)  (1573,883)  (1620,1021)  (1574,1021)  (1529,958)  (1691,1022)  (1619,838)  (1665,838)  (1713,858)  (1713,904)  (1555,837)
2 Sea Zone  (696,132)  (650,177)  (650,131)  (741,178)  (696,86)  (742,86)  (742,132)  (648,85)  (695,223)  (649,223)  (604,177)  (604,131)  (787,178)  (787,224)  (741,224)  (603,224)  (702,40)  (748,40)  (788,86)  (788,132)  (602,85)  (602,39)  (794,37)  (558,178)  (558,132)  (833,178)  (833,224)  (557,245)  (834,83)  (834,129)  (556,86)  (556,40)  (512,199)  (512,153)  (879,175)  (879,221)  (880,81)  (880,127)  (510,107)  (510,61)  (510,15)  (503,245)  (925,173)  (925,219)
17 Sea Zone  (144,2887)  (98,2932)  (98,2886)  (189,2933)  (144,2841)  (190,2841)  (190,2887)  (96,2840)  (143,2978)  (97,2978)  (52,2932)  (52,2886)  (235,2933)  (235,2979)  (189,2979)  (51,2979)  (142,2795)  (188,2795)  (234,2795)  (236,2841)  (236,2887)  (50,2840)  (50,2794)  (96,2794)  (280,2751)  (143,3024)  (97,3024)  (6,2933)  (6,2887)  (281,2933)  (281,2979)  (281,3025)  (235,3025)  (189,3025)  (51,3025)  (5,3025)  (5,2979)  (142,2749)  (188,2749)  (234,2749)  (282,2797)  (282,2843)  (4,2841)  (4,2795)  (4,2749)  (50,2748)  (96,2748)  (280,2705)  (143,3070)  (97,3070)  (317,3071)  (271,3071)  (225,3071)  (51,3071)  (5,3071)  (0,2703)  (142,2703)  (188,2703)  (234,2703)  (46,2702)  (92,2702)  (280,2659)  (179,3116)  (133,3116)  (318,3117)  (272,3117)  (226,3117)  (87,3117)  (41,3117)  (0,2657)  (138,2657)  (184,2657)  (230,2657)  (46,2656)  (92,2656)
16 Sea Zone  (674,2279)  (453,2278)  (582,2272)  (628,2271)  (396,2265)  (499,2257)
12 Sea Zone  (242,1698)  (196,1743)  (196,1697)  (287,1744)  (242,1652)  (288,1652)  (288,1698)  (194,1651)  (241,1789)  (195,1789)  (150,1743)  (150,1697)  (333,1744)  (333,1790)  (287,1790)  (149,1790)  (240,1606)  (286,1606)  (332,1606)  (334,1652)  (334,1698)  (148,1651)  (148,1605)  (194,1605)  (378,1562)  (241,1835)  (195,1835)  (104,1744)  (104,1698)  (379,1744)  (379,1790)  (379,1836)  (333,1836)  (287,1836)  (149,1836)  (103,1836)  (103,1790)  (240,1560)  (286,1560)  (332,1560)  (380,1608)  (380,1654)  (102,1652)  (102,1606)  (102,1560)  (148,1559)  (194,1559)  (58,1744)  (58,1698)  (425,1700)  (425,1746)  (425,1792)  (57,1836)  (57,1790)  (426,1574)  (426,1620)  (56,1652)  (56,1606)  (56,1560)  (12,1744)  (12,1698)  (471,1666)  (471,1712)  (471,1758)  (471,1804)  (11,1836)  (11,1790)  (472,1593)  (10,1652)  (10,1606)  (10,1560)  (517,1693)
Jergan  (1945,2106)  (1899,2151)  (1899,2105)  (1978,2152)  (1945,2060)  (1991,2060)  (2001,2014)  (2037,2060)  (2047,2004)  (2072,1958)
5 Sea Zone  (2082,65)  (2036,110)  (2036,64)  (2127,111)  (2082,19)  (2128,19)  (2128,65)  (2034,18)  (1990,84)  (2173,111)  (2174,0)  (2174,46)  (1988,38)  (2219,92)  (2220,0)  (2220,46)  (1942,83)  (1942,37)  (2265,92)  (2266,0)  (2266,46)  (1896,90)  (1896,44)  (2312,0)  (2312,46)  (1850,93)  (1850,47)  (1850,1)  (2358,0)  (1804,113)  (1766,159)
Dapartien  (1396,1490)  (1350,1535)  (1350,1489)  (1441,1536)  (1396,1444)  (1442,1444)  (1442,1490)  (1348,1443)  (1395,1581)  (1304,1516)  (1487,1536)  (1461,1582)  (1394,1398)  (1440,1398)  (1302,1470)  (1335,1397)  (1463,1628)  (1402,1352)  (1448,1352)  (1492,1674)  (1542,1688)  (1496,1720)  (1585,1734)  (1498,1766)
Albernia  (694,1738)  (648,1783)  (648,1737)  (739,1784)  (694,1692)  (740,1692)  (740,1738)  (646,1691)  (602,1807)  (602,1761)  (758,1646)  (786,1714)  (786,1760)  (600,1670)  (646,1645)
Bornland  (1961,1042)  (1915,1087)  (1915,1041)  (2006,1088)  (1961,996)  (2007,996)  (2007,1042)  (1913,995)  (1960,1133)  (1914,1133)  (1869,1087)  (1869,1041)  (2052,1088)  (2052,1134)  (2006,1134)  (1868,1134)  (1959,950)  (2005,950)  (2051,950)  (2053,996)  (2053,1042)  (1867,995)  (1867,949)  (1913,949)  (2097,906)  (1929,1179)  (1823,1088)  (1823,1042)  (2098,1088)  (2098,1134)  (1883,1180)  (1837,1180)  (1822,1134)  (1959,904)  (2005,904)  (2051,904)  (2099,952)  (2099,998)  (1821,996)  (1821,950)  (1821,904)  (1867,903)  (1913,903)  (2138,1180)  (2143,876)  (1777,1088)  (2144,1044)  (2144,1090)  (1895,1226)  (1849,1226)  (1776,1162)  (1959,858)  (2145,922)  (2145,968)  (1775,1003)  (1775,957)  (1833,857)  (1879,857)  (2184,1136)  (2189,876)  (1731,1116)  (2190,1014)  (2190,1060)  (1877,1272)  (2191,922)  (2191,968)  (1831,1279)  (2237,991)
32 Sea Zone  (2219,2840)  (2173,2885)  (2173,2839)  (2264,2886)  (2219,2794)  (2265,2794)  (2265,2840)  (2171,2793)  (2218,2931)  (2172,2931)  (2127,2885)  (2127,2839)  (2310,2886)  (2310,2932)  (2264,2932)  (2126,2932)  (2217,2748)  (2263,2748)  (2309,2748)  (2311,2794)  (2311,2840)  (2125,2793)  (2125,2747)  (2171,2747)  (2355,2705)  (2081,2886)  (2081,2840)  (2356,2886)  (2356,2932)  (2080,2965)  (2357,2751)  (2357,2797)  (2079,2794)  (2079,2748)  (2401,2705)  (2035,2919)  (2035,2873)  (2402,2843)  (2402,2889)  (2402,2935)  (2034,2965)  (2403,2751)  (2403,2797)  (2033,2827)  (2033,2781)  (2033,2735)  (2447,2705)  (1989,2919)  (1989,2873)  (2448,2843)  (2448,2889)  (2448,2935)  (1988,2965)  (2449,2751)  (2449,2797)  (1987,2827)  (1987,2781)  (1987,2735)  (2493,2705)  (1943,2919)  (1943,2873)  (2494,2843)  (2494,2889)  (2494,2935)  (1942,2965)  (2495,2751)  (2495,2797)  (1941,2827)  (1941,2781)  (1941,2735)  (2539,2705)  (1897,2919)  (1897,2873)  (2540,2843)  (2540,2889)  (2540,2935)  (1896,2965)  (2541,2751)  (2541,2797)  (1895,2827)  (1895,2781)  (1895,2735)  (1851,2919)  (1851,2873)  (1850,2965)  (1849,2827)  (1849,2781)  (1849,2735)
8 Sea Zone  (730,449)  (684,494)  (684,448)  (775,495)  (730,403)  (776,403)  (776,449)  (682,402)  (729,540)  (683,540)  (638,494)  (638,448)  (821,495)  (811,541)  (637,541)  (728,357)  (774,357)  (820,357)  (822,403)  (822,449)  (636,402)  (636,356)  (682,356)  (866,313)  (592,495)  (592,449)  (676,587)  (630,587)  (591,541)  (728,311)  (774,311)  (820,311)  (868,359)  (868,405)  (868,451)  (590,403)  (590,357)  (590,311)  (636,310)  (682,310)  (584,594)  (912,294)  (914,340)  (914,386)
1 Sea Zone  (199,122)  (153,167)  (153,121)  (244,168)  (199,76)  (245,76)  (245,122)  (151,75)  (198,213)  (152,213)  (107,167)  (107,121)  (290,168)  (290,214)  (244,214)  (106,214)  (197,30)  (243,30)  (289,30)  (291,76)  (291,122)  (105,75)  (105,29)  (151,29)  (335,0)  (61,168)  (61,122)  (336,168)  (336,214)  (60,245)  (337,46)  (337,92)  (59,76)  (59,30)  (381,0)  (15,199)  (15,153)  (382,138)  (382,184)  (382,230)  (14,245)  (383,46)  (383,92)  (13,107)  (13,61)  (13,15)
Forest Islands  (1841,3403)
Stone Oaks Forest  (549,1289)
Caliphate  (1053,2289)  (1007,2315)  (1007,2269)  (1094,2335)  (1053,2243)  (1099,2243)  (1099,2289)  (986,2223)  (1048,2361)  (1116,2381)  (1032,2197)  (1078,2197)  (1145,2256)  (958,2177)  (1070,2407)  (1160,2427)  (1004,2151)  (1050,2151)  (1192,2473)
39 Sea Zone  (2445,1465)  (2399,1510)  (2399,1464)  (2490,1511)  (2445,1419)  (2491,1419)  (2491,1465)  (2397,1418)  (2444,1556)  (2398,1556)  (2353,1510)  (2353,1464)  (2536,1511)  (2536,1557)  (2490,1557)  (2352,1557)  (2443,1373)  (2489,1373)  (2535,1373)  (2537,1419)  (2537,1465)  (2351,1418)  (2351,1372)  (2397,1372)  (2444,1602)  (2398,1602)  (2307,1511)  (2307,1465)  (2554,1603)  (2508,1603)  (2352,1603)  (2306,1601)  (2443,1327)  (2489,1327)  (2535,1327)  (2305,1419)  (2305,1373)  (2305,1327)  (2351,1326)  (2397,1326)  (2462,1648)  (2416,1648)  (2554,1649)  (2508,1649)  (2370,1649)  (2324,1649)  (2300,1281)  (2443,1281)  (2489,1281)  (2535,1281)  (2346,1280)  (2392,1280)  (2462,1694)  (2416,1694)  (2554,1695)  (2508,1695)  (2370,1695)  (2324,1695)  (2299,1235)  (2438,1235)  (2528,1235)  (2345,1234)  (2391,1234)  (2298,1189)  (2344,1188)  (2298,1143)  (2554,1122)  (2297,1097)
19 Sea Zone  (462,3020)  (416,3065)  (416,3019)  (507,3066)  (462,2974)  (508,2974)  (508,3020)  (414,2973)  (461,3111)  (415,3111)  (370,3065)  (370,3019)  (369,3112)  (460,2928)  (506,2928)  (552,2928)  (554,2974)  (368,2973)  (368,2927)  (414,2927)
Fasar  (1318,2173)  (1272,2218)  (1272,2172)  (1363,2219)  (1318,2127)  (1364,2127)  (1364,2173)  (1270,2126)  (1226,2224)  (1226,2178)  (1409,2219)  (1410,2131)  (1451,2282)  (1180,2206)  (1180,2160)
14 Sea Zone  (516,2041)  (470,2086)  (470,2040)  (561,2087)  (516,1995)  (562,1995)  (562,2041)  (468,1994)  (515,2132)  (469,2132)  (424,2086)  (424,2040)  (607,2087)  (607,2133)  (561,2133)  (423,2133)  (514,1949)  (560,1949)  (608,1955)  (608,2001)  (422,1994)  (422,1948)  (468,1948)  (515,2178)  (469,2178)  (378,2087)  (378,2041)  (653,2047)  (653,2093)  (653,2139)  (607,2179)  (561,2179)  (423,2179)  (377,2179)  (377,2133)  (514,1903)  (560,1903)  (376,1995)  (376,1949)  (376,1903)  (422,1902)  (468,1902)
Tobrien  (1646,1347)  (1600,1392)  (1600,1346)  (1691,1393)  (1646,1301)  (1692,1301)  (1692,1347)  (1598,1300)  (1620,1438)  (1554,1427)  (1554,1381)  (1657,1255)  (1703,1255)  (1738,1301)  (1738,1347)  (1552,1335)  (1749,1244)  (1506,1323)
36 Sea Zone  (2365,1981)  (2319,2026)  (2319,1980)  (2410,2027)  (2365,1935)  (2411,1935)  (2411,1981)  (2317,1934)  (2364,2072)  (2318,2072)  (2273,2026)  (2273,1980)  (2456,2027)  (2456,2073)  (2410,2073)  (2272,2073)  (2363,1889)  (2409,1889)  (2455,1889)  (2457,1935)  (2457,1981)  (2271,1934)  (2271,1888)  (2317,1888)  (2501,1845)  (2364,2118)  (2318,2118)  (2227,2027)  (2227,1981)  (2502,2027)  (2502,2073)  (2502,2119)  (2456,2119)  (2410,2119)  (2272,2119)  (2226,2119)  (2226,2073)  (2363,1843)  (2409,1843)  (2455,1843)  (2503,1891)  (2503,1937)  (2225,1935)  (2225,1889)  (2225,1843)  (2271,1842)  (2317,1842)  (2501,1799)  (2547,1799)  (2547,1845)  (2181,2027)  (2181,1981)  (2548,1983)  (2548,2029)  (2548,2075)  (2548,2121)  (2180,2151)  (2180,2105)  (2180,1797)  (2363,1797)  (2409,1797)  (2455,1797)  (2549,1891)  (2549,1937)  (2179,1935)  (2179,1889)  (2179,1843)  (2226,1796)  (2272,1796)  (2501,1753)  (2547,1753)  (2135,2059)  (2134,2151)  (2134,2105)  (2134,1797)  (2134,1751)  (2180,1751)  (2318,1751)  (2364,1751)  (2410,1751)  (2133,1927)  (2133,1881)  (2226,1750)  (2272,1750)  (2088,2151)
21 Sea Zone  (763,3364)  (717,3409)  (717,3363)  (808,3410)  (763,3318)  (809,3318)  (809,3364)  (715,3317)  (762,3455)  (716,3455)  (671,3409)  (671,3363)  (854,3410)  (854,3456)  (808,3456)  (670,3456)  (761,3272)  (855,3329)  (669,3317)  (669,3271)  (715,3271)  (625,3410)  (625,3364)  (900,3375)  (900,3421)  (624,3458)  (901,3329)  (691,3225)
20 Sea Zone  (270,3358)  (224,3403)  (224,3357)  (315,3404)  (270,3312)  (316,3312)  (316,3358)  (222,3311)  (269,3449)  (223,3449)  (178,3403)  (178,3357)  (361,3404)  (361,3450)  (315,3450)  (177,3450)  (268,3266)  (314,3266)  (360,3266)  (362,3312)  (362,3358)  (176,3311)  (176,3265)  (222,3265)  (406,3222)  (132,3404)  (132,3358)  (407,3404)  (407,3450)  (131,3459)  (268,3220)  (314,3220)  (360,3220)  (408,3268)  (408,3314)  (130,3312)  (130,3266)  (130,3220)  (176,3219)  (222,3219)  (452,3183)  (86,3413)  (86,3367)  (453,3360)  (453,3406)  (453,3452)  (85,3459)  (454,3229)  (454,3275)  (84,3321)  (84,3275)  (84,3229)  (84,3183)  (498,3183)  (40,3413)  (40,3367)  (499,3321)  (499,3367)  (499,3413)  (499,3459)  (39,3459)  (500,3229)  (500,3275)  (38,3321)  (38,3275)  (38,3229)  (38,3183)  (545,3321)  (545,3367)  (545,3413)  (545,3459)  (546,3228)  (546,3274)
Polar Ice  (1524,31)  (1478,76)  (1478,30)  (1569,77)  (1570,0)  (1432,29)  (1615,46)  (1616,0)  (1662,0)  (1301,0)  (1255,12)  (1209,46)  (1209,0)  (1163,46)  (1163,0)  (1117,22)  (1071,0)  (990,5)  (956,51)  (944,5)  (898,25)
34 Sea Zone  (2284,2450)  (2238,2495)  (2238,2449)  (2329,2496)  (2284,2404)  (2330,2404)  (2330,2450)  (2236,2403)  (2283,2541)  (2237,2541)  (2192,2495)  (2192,2449)  (2375,2496)  (2375,2542)  (2329,2542)  (2191,2542)  (2282,2358)  (2328,2358)  (2374,2358)  (2376,2404)  (2376,2450)  (2190,2403)  (2190,2357)  (2236,2357)  (2420,2314)  (2283,2587)  (2237,2587)  (2146,2496)  (2146,2450)  (2421,2496)  (2421,2542)  (2421,2588)  (2375,2588)  (2329,2588)  (2191,2588)  (2145,2588)  (2145,2542)  (2282,2312)  (2328,2312)  (2374,2312)  (2422,2360)  (2422,2406)  (2144,2404)  (2144,2358)  (2144,2312)  (2190,2311)  (2236,2311)  (2420,2268)  (2466,2268)  (2466,2314)  (2283,2633)  (2237,2633)  (2100,2496)  (2100,2450)  (2467,2452)  (2467,2498)  (2467,2544)  (2467,2590)  (2421,2634)  (2375,2634)  (2329,2634)  (2191,2634)  (2145,2634)  (2099,2634)  (2099,2588)  (2099,2542)  (2099,2266)  (2282,2266)  (2328,2266)  (2374,2266)  (2468,2360)  (2468,2406)  (2098,2404)  (2098,2358)  (2098,2312)  (2145,2265)  (2191,2265)  (2469,2636)  (2420,2222)  (2466,2222)  (2512,2222)  (2512,2268)  (2512,2314)  (2054,2496)  (2054,2450)  (2513,2452)  (2513,2498)  (2513,2544)  (2513,2590)  (2053,2656)  (2053,2610)  (2053,2564)  (2053,2223)  (2099,2220)  (2237,2220)  (2283,2220)  (2329,2220)  (2514,2360)  (2514,2406)  (2052,2404)  (2052,2358)  (2052,2306)  (2145,2219)  (2191,2219)  (2515,2636)  (2008,2518)  (2008,2472)  (2007,2656)  (2007,2610)  (2007,2564)  (1962,2518)  (1961,2656)  (1961,2610)  (1961,2564)  (1915,2656)  (1915,2610)  (1869,2656)  (1869,2610)
22 Sea Zone  (1099,3365)  (1053,3410)  (1053,3364)  (1144,3411)  (1099,3319)  (1145,3319)  (1145,3365)  (1051,3318)  (1098,3456)  (1052,3456)  (1007,3410)  (1007,3364)  (1190,3411)  (1190,3457)  (1144,3457)  (1006,3457)  (1097,3273)  (1171,3273)  (1191,3319)  (1191,3365)  (1005,3318)  (1030,3272)  (1217,3254)  (961,3411)  (961,3365)  (1236,3411)  (1236,3457)  (960,3459)  (1237,3300)  (1237,3346)  (959,3319)
Olport Stones  (55,726)
35 Sea Zone  (1890,1923)  (1844,1887)  (1935,1969)  (1889,1969)  (1924,1877)  (1936,1923)  (1970,1843)  (1807,1841)  (1859,2015)  (1982,1889)  (1982,1935)  (1813,2035)  (1765,1887)  (1955,1797)  (2001,1797)  (2016,1843)  (1761,1841)  (1761,1795)  (2028,1889)  (2047,1766)  (1719,1891)  (1975,1751)  (1673,1915)  (1673,1869)  (1633,1823)  (1627,1935)  (1627,1889)